150 1 1.0
   1.000    2.400    1.119    2.100 1367.647  400.000
   1.000    4.400    2.330    2.500 1062.384  400.000
   1.000    4.400    2.330    2.500 1062.384  400.000
   1.000    6.100    3.263    2.800 1042.003  400.000
   1.000    6.100    3.263    2.800 1042.003  400.000
   1.000    6.100    3.263    2.800 1042.003  400.000
   1.000    6.100    3.263    2.800 1042.003  400.000
   1.000    6.100    3.263    2.800 1042.003  400.000
   1.000    6.100    3.263    2.800 1042.003  400.000
   1.000    6.100    3.263    2.800 1042.003  400.000
   1.000    6.100    3.263    2.800 1042.003  400.000
   1.000    6.100    3.263    2.800 1042.003  400.000
   1.000    6.100    3.263    2.800 1042.003  400.000
   1.000    6.600    3.449    2.900 1090.975  400.000
   1.000    6.600    3.449    2.900 1090.975  400.000
   1.000    6.600    3.449    2.900 1090.975  400.000
   1.000    6.600    3.449    2.900 1090.975  400.000
   1.000    6.600    3.449    2.900 1090.975  400.000
   1.000    6.600    3.449    2.900 1090.975  400.000
   1.000    6.600    3.449    2.900 1090.975  400.000
   1.000    6.600    3.449    2.900 1090.975  400.000
   1.000    6.600    3.449    2.900 1090.975  400.000
   1.000    6.600    3.449    2.900 1090.975  400.000
   1.000    7.200    3.729    3.100 1110.680  400.000
   1.000    7.200    3.729    3.100 1110.680  400.000
   1.000    7.200    3.729    3.100 1110.680  400.000
   1.000    7.200    3.729    3.100 1110.680  400.000
   1.000    7.200    3.729    3.100 1110.680  400.000
   1.000    7.200    3.729    3.100 1110.680  400.000
   1.000    7.200    3.729    3.100 1110.680  400.000
   1.000    7.200    3.729    3.100 1110.680  400.000
   1.000    7.200    3.729    3.100 1110.680  400.000
   6.402    7.200    3.729    3.100 1110.680  400.000
   0.598    8.207    4.637    3.401  468.646  200.000
   1.000    8.216    4.627    3.403  471.632  200.000
   5.000    8.223    4.618    3.404  474.273  200.000
   5.000    8.235    4.614    3.406  476.418  200.000
   5.000    8.247    4.621    3.408  476.377  200.000
   5.000    8.259    4.613    3.410  479.480  200.000
   5.000    8.271    4.589    3.412  485.818  200.000
   5.000    8.283    4.566    3.414  492.219  200.000
   5.000    8.295    4.543    3.416  498.649  200.000
   5.000    8.307    4.519    3.418  505.373  200.000
   5.000    8.320    4.494    3.420  512.403  200.000
   5.000    8.332    4.463    3.422  521.115  200.000
   5.000    8.344    4.425    3.424  531.659  200.000
   5.000    8.356    4.385    3.426  542.830  200.000
   5.000    8.368    4.344    3.427  554.671  200.000
   5.000    8.380    4.302    3.429  567.228  200.000
   5.000    8.392    4.258    3.431  580.549  200.000
   5.000    8.404    4.231    3.433  589.521  200.000
   5.000    8.416    4.221    3.435  415.396  140.000
   5.000    8.428    4.208    3.437  240.257   80.000
   5.000    8.440    4.194    3.439  242.586   80.000
   5.000    8.452    4.178    3.441  245.183   80.000
   5.000    8.464    4.159    3.443  248.058   80.000
   5.000    8.476    4.139    3.445  251.225   80.000
   5.000    8.489    4.116    3.447  254.696   80.000
   5.000    8.501    4.130    3.449  253.735   80.000
   5.000    8.513    4.177    3.451  248.747   80.000
   5.000    8.525    4.217    3.453  244.842   80.000
   5.000    8.537    4.248    3.455  241.946   80.000
   5.000    8.549    4.264    3.457  240.750   80.000
   5.000    8.561    4.267    3.459  241.124   80.000
   5.000    8.573    4.263    3.461  242.217   80.000
   5.000    8.585    4.253    3.463  244.041   80.000
   5.000    8.597    4.263    3.465  243.636   80.000
   5.000    8.609    4.294    3.467  334.891  111.500
   5.000    8.621    4.321    3.469  425.695  143.000
   5.000    8.633    4.346    3.471  422.125  143.000
   5.000    8.646    4.367    3.473  419.219  143.000
   5.000    8.658    4.396    3.475  414.899  143.000
   5.000    8.670    4.433    3.477  409.133  143.000
   5.000    8.682    4.468    3.479  403.940  143.000
   5.000    8.694    4.500    3.481  399.289  143.000
   5.000    8.706    4.525    3.483  396.026  143.000
   5.000    8.718    4.543    3.485  393.958  143.000
   5.000    8.730    4.561    3.487  392.028  143.000
   5.000    8.742    4.577    3.489  390.235  143.000
   5.000    8.754    4.594    3.491  388.573  143.000
   5.000    8.766    4.600    3.493  388.528  143.000
   5.000    8.778    4.597    3.495  390.105  143.000
   5.000    8.790    4.593    3.497  391.829  143.000
   5.000    8.802    4.589    3.499  393.703  143.000
   5.000    8.815    4.582    3.501  395.886  143.000
   5.000    8.827    4.574    3.503  398.375  143.000
   5.000    8.839    4.565    3.505  401.018  143.000
   5.000    8.851    4.555    3.507  403.817  143.000
   5.000    8.863    4.545    3.509  406.776  143.000
   5.000    8.875    4.543    3.511  408.209  143.000
   5.000    8.887    4.549    3.512  408.164  143.000
   5.000    8.899    4.554    3.514  408.379  143.000
   5.000    8.911    4.558    3.516  408.854  143.000
   5.000    8.923    4.565    3.518  408.721  143.000
   5.000    8.935    4.575    3.520  407.956  143.000
   5.000    8.947    4.585    3.522  407.404  143.000
   5.000    8.959    4.593    3.524  407.063  143.000
   5.000    8.972    4.606    3.526  405.880  143.000
   5.000    8.984    4.624    3.528  403.792  143.000
   5.000    8.996    4.642    3.530  401.791  143.000
   5.000    9.008    4.659    3.532  399.876  143.000
   5.000    9.020    4.676    3.534  398.043  143.000
   5.000    9.032    4.686    3.536  397.456  143.000
   5.000    9.044    4.688    3.538  398.104  143.000
   5.000    9.056    4.690    3.540  398.811  143.000
   5.000    9.068    4.692    3.542  399.578  143.000
   5.000    9.080    4.697    3.544  399.866  143.000
   5.000    9.092    4.704    3.546  399.657  143.000
   5.000    9.104    4.711    3.548  399.476  143.000
   5.000    9.116    4.718    3.550  399.324  143.000
   5.000    9.128    4.725    3.552  399.199  143.000
  10.000    9.564    4.261    3.774  538.136  143.000
  10.000    9.583    4.258    3.787  541.164  143.000
  10.000    9.603    4.252    3.799  544.790  143.000
  10.000    9.622    4.244    3.811  549.035  143.000
  10.000    9.641    4.234    3.824  553.921  143.000
  10.000    9.661    4.221    3.836  559.477  143.000
  10.000    9.680    4.206    3.848  565.731  143.000
  10.000    9.699    4.188    3.861  572.720  143.000
  10.000    9.719    4.168    3.873  580.482  143.000
  10.000    9.738    4.146    3.885  589.063  143.000
  10.000    9.757    4.121    3.898  598.515  143.000
  10.000    9.777    4.094    3.910  608.894  143.000
  10.000    9.796    4.064    3.923  620.264  143.000
  10.000    9.815    4.093    3.935  614.187  143.000
  10.000    9.835    4.181    3.947  590.983  143.000
  10.000    9.854    4.268    3.960  569.368  143.000
  10.000    9.873    4.355    3.972  549.204  143.000
  10.000    9.893    4.440    3.984  530.364  143.000
  10.000    9.912    4.525    3.997  512.739  143.000
  10.000    9.931    4.609    4.009  496.227  143.000
  10.000    9.951    4.692    4.021  480.740  143.000
  10.000    9.970    4.775    4.034  466.195  143.000
  10.000    9.989    4.856    4.046  452.521  143.000
  10.000   10.009    4.936    4.058  439.652  143.000
  10.000   10.028    5.016    4.071  427.529  143.000
  15.300   10.941    6.120    4.382  744.496  312.000
  50.000   10.995    6.146    4.401  745.689  312.000
  50.000   11.078    6.185    4.431  747.541  312.000
  50.000   11.160    6.222    4.460  749.427  312.000
  50.000   11.240    6.259    4.489  751.349  312.000
  50.000   11.320    6.295    4.518  753.302  312.000
  50.000   11.398    6.330    4.547  755.285  312.000
  50.000   11.475    6.365    4.576  757.297  312.000
  50.000   11.551    6.398    4.605  759.336  312.000
  50.000   11.627    6.431    4.633  761.399  312.000
  50.000   11.701    6.463    4.661  763.486  312.000
  50.000   11.774    6.494    4.690  765.593  312.000
  50.000   11.846    6.525    4.718  767.719  312.000
  50.000   11.917    6.555    4.746  769.865  312.000
1
rayleigh
0.,0.,0,0
1,2048,1.
9.0
0.
2
love
0.,0.,0,0
1,2048,1.
9.0
0.
0
