100
2.00     2.800   6.500   3.750
2.00     2.800   6.500   3.750
2.00     2.800   6.500   3.750
2.00     2.800   6.500   3.750
2.00     2.800   6.500   3.750
2.00     2.800   6.500   3.750
2.00     2.800   6.500   3.750
2.00     2.800   6.500   3.750
2.00     2.800   6.500   3.750
2.00     2.800   6.500   3.750
2.00     2.800   6.500   3.750
2.00     2.800   6.500   3.750
2.00     2.800   6.500   3.750
2.00     2.800   6.500   3.750
2.00     2.800   6.500   3.750
2.00     2.800   6.500   3.750
2.00     2.800   6.500   3.750
2.00     2.800   6.500   3.750
2.00     2.800   6.500   3.750
2.00     2.800   6.500   3.750
2.00     2.800   6.500   3.750
2.00     3.200   8.100   4.700
2.00     3.200   8.100   4.700
2.00     3.200   8.100   4.700
2.00     3.200   8.100   4.700
2.00     3.200   8.100   4.700
2.00     3.200   8.100   4.700
2.00     3.200   8.100   4.700
2.00     3.200   8.100   4.700
2.00     3.200   8.100   4.700
2.00     3.200   8.100   4.700
2.00     3.200   8.100   4.700
2.00     3.200   8.100   4.700
2.00     3.200   8.100   4.700
2.00     3.200   8.100   4.700
2.00     3.200   8.100   4.700
2.00     3.200   8.100   4.700
2.00     3.200   8.100   4.700
2.00     3.200   8.100   4.700
2.00     3.200   8.100   4.700
2.00     3.200   8.100   4.700
2.00     3.200   8.100   4.700
2.00     3.200   8.100   4.700
2.00     3.200   8.100   4.700
2.00     3.200   8.100   4.700
2.00     3.200   8.100   4.700
2.00     3.200   8.100   4.700
2.00     3.200   8.100   4.700
2.00     3.200   8.100   4.700
2.00     3.200   8.100   4.700
2.00     3.200   8.100   4.700
2.00     3.200   8.100   4.700
2.00     3.200   8.100   4.700
2.00     3.200   8.100   4.700
2.00     3.200   8.100   4.700
2.00     3.200   8.100   4.700
2.00     3.200   8.100   4.700
2.00     3.200   8.100   4.700
2.00     3.200   8.100   4.700
2.00     3.200   8.100   4.700
2.00     3.200   8.100   4.700
2.00     3.200   8.100   4.700
2.00     3.200   8.100   4.700
2.00     3.200   8.100   4.700
2.00     3.200   8.100   4.700
2.00     3.200   8.100   4.700
2.00     3.200   8.100   4.700
2.00     3.200   8.100   4.700
2.00     3.200   8.100   4.700
2.00     3.200   8.100   4.700
2.00     3.200   8.100   4.700
2.00     3.200   8.100   4.700
2.00     3.200   8.100   4.700
2.00     3.200   8.100   4.700
2.00     3.200   8.100   4.700
2.00     3.200   8.100   4.700
2.00     3.200   8.100   4.700
2.00     3.200   8.100   4.700
2.00     3.200   8.100   4.700
2.00     3.200   8.100   4.700
2.00     3.200   8.100   4.700
2.00     3.200   8.100   4.700
2.00     3.200   8.100   4.700
2.00     3.200   8.100   4.700
2.00     3.200   8.100   4.700
2.00     3.200   8.100   4.700
2.00     3.200   8.100   4.700
2.00     3.200   8.100   4.700
2.00     3.200   8.100   4.700
2.00     3.200   8.100   4.700
2.00     3.200   8.100   4.700
2.00     3.200   8.100   4.700
2.00     3.200   8.100   4.700
2.00     3.200   8.100   4.700
2.00     3.200   8.100   4.700
2.00     3.200   8.100   4.700
2.00     3.200   8.100   4.700
2.00     3.200   8.100   4.700
2.00     3.200   8.100   4.700
2.00     3.200   8.100   4.700
   3
  25.        1.1      15.6      0.01   0.0001    20
  40.        1.1      15.6      0.01   0.0001    20
 100.        1.1      15.6      0.01   0.0001    20
